(1, 0) --(147)--> (5, 19)
(85, 5) --(250)--> (81, 39)
(85, 5) --(196)--> (109, 13)
(85, 5) --(188)--> (55, 11)
(55, 11) --(178)--> (57, 43)
(55, 11) --(188)--> (85, 5)
(55, 11) --(226)--> (37, 19)
(109, 13) --(88)--> (107, 31)
(109, 13) --(396)--> (125, 37)
(109, 13) --(196)--> (85, 5)
(5, 19) --(154)--> (19, 35)
(5, 19) --(216)--> (37, 19)
(5, 19) --(147)--> (1, 0)
(37, 19) --(14)--> (33, 29)
(37, 19) --(226)--> (55, 11)
(37, 19) --(216)--> (5, 19)
(33, 29) --(308)--> (43, 67)
(33, 29) --(110)--> (57, 43)
(33, 29) --(64)--> (19, 35)
(33, 29) --(14)--> (37, 19)
(107, 31) --(130)--> (103, 53)
(107, 31) --(96)--> (125, 37)
(107, 31) --(162)--> (81, 39)
(107, 31) --(88)--> (109, 13)
(19, 35) --(296)--> (15, 67)
(19, 35) --(64)--> (33, 29)
(19, 35) --(154)--> (5, 19)
(125, 37) --(288)--> (135, 67)
(125, 37) --(96)--> (107, 31)
(125, 37) --(396)--> (109, 13)
(81, 39) --(152)--> (85, 67)
(81, 39) --(162)--> (107, 31)
(81, 39) --(152)--> (57, 43)
(81, 39) --(250)--> (85, 5)
(57, 43) --(60)--> (59, 57)
(57, 43) --(152)--> (81, 39)
(57, 43) --(110)--> (33, 29)
(57, 43) --(178)--> (55, 11)
(103, 53) --(94)--> (101, 85)
(103, 53) --(298)--> (135, 67)
(103, 53) --(80)--> (85, 67)
(103, 53) --(130)--> (107, 31)
(59, 57) --(98)--> (55, 83)
(59, 57) --(204)--> (85, 67)
(59, 57) --(86)--> (43, 67)
(59, 57) --(60)--> (57, 43)
(15, 67) --(126)--> (9, 83)
(15, 67) --(128)--> (43, 67)
(15, 67) --(296)--> (19, 35)
(43, 67) --(46)--> (37, 75)
(43, 67) --(86)--> (59, 57)
(43, 67) --(128)--> (15, 67)
(43, 67) --(308)--> (33, 29)
(85, 67) --(90)--> (87, 87)
(85, 67) --(80)--> (103, 53)
(85, 67) --(204)--> (59, 57)
(85, 67) --(152)--> (81, 39)
(135, 67) --(38)--> (137, 79)
(135, 67) --(298)--> (103, 53)
(135, 67) --(288)--> (125, 37)
(37, 75) --(218)--> (37, 109)
(37, 75) --(66)--> (55, 83)
(37, 75) --(156)--> (9, 83)
(37, 75) --(46)--> (43, 67)
(137, 79) --(236)--> (135, 109)
(137, 79) --(190)--> (101, 85)
(137, 79) --(38)--> (135, 67)
(9, 83) --(136)--> (5, 103)
(9, 83) --(156)--> (37, 75)
(9, 83) --(126)--> (15, 67)
(55, 83) --(116)--> (57, 109)
(55, 83) --(184)--> (87, 87)
(55, 83) --(66)--> (37, 75)
(55, 83) --(98)--> (59, 57)
(101, 85) --(156)--> (105, 105)
(101, 85) --(190)--> (137, 79)
(101, 85) --(72)--> (87, 87)
(101, 85) --(94)--> (103, 53)
(87, 87) --(66)--> (75, 101)
(87, 87) --(72)--> (101, 85)
(87, 87) --(184)--> (55, 83)
(87, 87) --(90)--> (85, 67)
(75, 101) --(100)--> (79, 125)
(75, 101) --(174)--> (105, 105)
(75, 101) --(126)--> (57, 109)
(75, 101) --(66)--> (87, 87)
(5, 103) --(472)--> (37, 131)
(5, 103) --(238)--> (37, 109)
(5, 103) --(136)--> (9, 83)
(105, 105) --(144)--> (107, 127)
(105, 105) --(126)--> (135, 109)
(105, 105) --(174)--> (75, 101)
(105, 105) --(156)--> (101, 85)
(37, 109) --(78)--> (37, 131)
(37, 109) --(124)--> (57, 109)
(37, 109) --(238)--> (5, 103)
(37, 109) --(218)--> (37, 75)
(57, 109) --(126)--> (67, 129)
(57, 109) --(126)--> (75, 101)
(57, 109) --(124)--> (37, 109)
(57, 109) --(116)--> (55, 83)
(135, 109) --(192)--> (131, 137)
(135, 109) --(126)--> (105, 105)
(135, 109) --(236)--> (137, 79)
(79, 125) --(238)--> (107, 127)
(79, 125) --(92)--> (67, 129)
(79, 125) --(100)--> (75, 101)
(107, 127) --(186)--> (131, 137)
(107, 127) --(238)--> (79, 125)
(107, 127) --(144)--> (105, 105)
(67, 129) --(92)--> (79, 125)
(67, 129) --(256)--> (37, 131)
(67, 129) --(126)--> (57, 109)
(37, 131) --(256)--> (67, 129)
(37, 131) --(472)--> (5, 103)
(37, 131) --(78)--> (37, 109)
(131, 137) --(31)--> (139, 140)
(131, 137) --(186)--> (107, 127)
(131, 137) --(192)--> (135, 109)
(139, 140) --(31)--> (131, 137)
